# Table format: 3D	
# Getriebe: VOITH D 867.8 Diff.3 
# 
# Autor: Gorashe, tmdds 
# Datum: 15-Oct-2024 14:44:22 

  7
  7
  7
600  900  1200  1600  2000  2500  2650  
  0  200  400  600  900  1200  1350  
  1   2   3   4   5   6   7

  0.0000    0.0000    0.0000    0.0000    0.0000    0.0000    0.0000  
  0.0000    0.0000    0.0000    0.0000    0.0000    0.0000    0.0000  
  0.0000    0.0000    0.0000    0.0000    0.0000    0.0000    0.0000  
  0.0000    0.0000    0.0000    0.0000    0.0000    0.0000    0.0000  
  0.0000    0.0000    0.0000    0.0000    0.0000    0.0000    0.0000  
  0.0000    0.0000    0.0000    0.0000    0.0000    0.0000    0.0000  
  0.0000    0.0000    0.0000    0.0000    0.0000    0.0000    0.0000  

 18.4055   18.1578   18.7030   19.5551   21.9889   27.9355   30.3141  
 20.1511   21.1184   19.5444   20.5299   22.6379   28.1717   30.3852  
 21.2343   21.7667   20.1997   21.0418   23.1443   28.6355   30.8320  
 22.0870   22.5474   20.8554   21.5878   23.6259   29.4155   31.7314  
 23.4686   23.7864   21.9020   22.5411   24.6048   30.4240   32.7517  
 27.0592   26.5701   24.7275   25.3217   28.8318   33.7820   35.7620  
 29.0648   28.1523   26.4575   27.0587   30.4507   35.4291   37.4205  

 19.0041   18.5693   19.3171   20.3932   23.2563   29.6307   32.1805  
 20.8769   21.2472   20.8997   22.1673   24.9558   31.9178   34.7026  
 22.3753   22.3453   22.0259   23.0356   25.7989   32.6585   35.4024  
 23.7970   23.4993   23.1664   24.0884   26.6234   33.4100   36.1247  
 26.2758   25.4493   24.8781   25.7770   28.3381   35.0799   37.7767  
 30.3367   29.0911   28.4463   29.5113   33.1613   39.2060   41.6239  
 33.2424   31.3862   30.6158   31.5847   35.0413   41.4072   43.9536  

 20.8962   19.9246   20.6291   23.5926   27.1334   35.6292   39.0275  
 23.5536   20.8965   21.7139   25.3568   29.1528   38.2086   41.8309  
 23.5772   20.9782   21.7162   25.2345   29.0764   37.8373   41.3417  
 23.5795   20.9916   21.7023   25.3156   29.1175   37.7325   41.1786  
 23.6799   21.0585   21.7813   25.3781   29.1872   37.7410   41.1625  
 24.2549   21.3755   21.8333   25.4142   29.2507   37.7877   41.2025  
 24.5078   22.2023   22.3150   25.4329   29.1599   37.7747   41.2206  

 19.5627   20.8719   22.0002   25.7059   32.9346   43.4273   47.6244  
 23.4875   23.2456   24.7719   29.0926   34.5311   44.9194   49.0747  
 23.9466   23.8358   25.3777   29.5373   34.8240   45.4403   49.6868  
 23.6495   24.3467   25.9122   29.9845   35.0738   45.4971   49.6664  
 24.6469   25.3605   26.6778   30.7221   35.8711   45.9757   50.0175  
 26.2788   26.3634   27.7547   31.6694   36.6510   46.8986   50.9976  
 27.4415   27.7812   28.6636   32.0590   36.8745   47.2478   51.3971  

 21.7474   23.8292   28.2174   34.2729   45.1826   62.8197   69.8745  
 23.8872   27.0597   31.6941   38.6631   47.6269   58.5734   62.9521  
 24.8002   27.8771   32.4663   39.1828   48.3251   59.4140   63.8495  
 25.5752   28.6567   33.2550   39.7355   48.8314   60.7753   65.5528  
 27.1394   29.9663   34.4126   40.5089   49.5702   61.7656   66.6437  
 28.7980   31.2556   35.5313   41.5652   50.5417   62.7306   67.6061  
 30.6666   32.5322   36.0688   41.9418   50.8107   63.2214   68.1856  

 23.5109   28.2003   34.8254   44.5186   55.4734   69.1669   74.6443  
 26.4466   31.9449   38.4047   48.3339   55.3282   64.0712   67.5684  
 28.0590   33.4067   39.7181   49.3405   53.9668   59.7497   62.0628  
 29.6537   35.0363   40.7648   50.4308   54.6566   59.9388   62.0517  
 32.1319   37.3617   42.8338   51.7247   55.9755   61.2889   63.4142  
 34.9706   39.8939   45.0601   53.2590   58.2463   64.4803   66.9739  
 37.3218   41.5672   45.4550   54.1844   59.3774   65.8686   68.4651  

