2.000000e+02 1.500000e+02
3.000000e+02 2.990000e+02
4.000000e+02 4.970000e+02
5.000000e+02 7.540000e+02
6.000000e+02 1.106000e+03
7.000000e+02 1.528000e+03
8.000000e+02 1.800000e+03
9.000000e+02 1.800000e+03
1.000000e+03 1.800000e+03
1.100000e+03 1.800000e+03
1.200000e+03 1.800000e+03
1.300000e+03 1.800000e+03
1.400000e+03 1.800000e+03
1.500000e+03 1.800000e+03
1.600000e+03 1.790000e+03
1.700000e+03 1.685000e+03
1.800000e+03 1.592000e+03
1.900000e+03 1.508000e+03
2.000000e+03 1.500000e+03
2.100000e+03 1.500000e+03
2.200000e+03 1.500000e+03
2.300000e+03 1.500000e+03
2.400000e+03 1.500000e+03
2.500000e+03 1.500000e+03
2.600000e+03 1.500000e+03
2.700000e+03 1.500000e+03
2.800000e+03 1.500000e+03
2.900000e+03 1.500000e+03
3.000000e+03 1.500000e+03
3.100000e+03 1.500000e+03
3.200000e+03 1.500000e+03
3.300000e+03 1.500000e+03
3.400000e+03 1.500000e+03
3.500000e+03 1.500000e+03
3.600000e+03 1.500000e+03
3.700000e+03 1.500000e+03
